lastAccountName: TheElim111
timestamps:
  login: 1514126568328
  logout: 1514128370486
ipAddress: 80.219.132.32
lastlocation:
  world: world
  x: -98.89646311380739
  y: 83.0
  z: 137.989661557694
  yaw: 38.999996
  pitch: 27.449991
logoutlocation:
  world: world
  x: 1751.4575668269415
  y: 74.0
  z: 2900.699999988079
  yaw: 330.4486
  pitch: 57.60009
