lastlocation:
  world: world
  x: -118.69999998807907
  y: 80.0
  z: 145.36751053088483
  yaw: -271.85
  pitch: 6.7
lastAccountName: Wenish
timestamps:
  login: 1511993553885
  lastteleport: 1511976832415
  logout: 1511996559007
ipAddress: 127.0.0.1
afk: false
logoutlocation:
  world: world
  x: -100.00409198421872
  y: 83.0
  z: 144.02243402897486
  yaw: -59.708984
  pitch: 38.400166
godmode: true
