lastlocation:
  world: world
  x: -118.69999998807907
  y: 80.0
  z: 145.36751053088483
  yaw: -271.85
  pitch: 6.7
lastAccountName: Wenish
timestamps:
  login: 1512161233264
  lastteleport: 1511976832415
  logout: 1512161349711
ipAddress: 127.0.0.1
afk: false
logoutlocation:
  world: world
  x: -72.44507524565981
  y: 78.902316832708
  z: 124.54966293424879
  yaw: 315.6894
  pitch: 11.249981
godmode: true
