lastlocation:
  world: world
  x: -118.69999998807907
  y: 80.0
  z: 145.36751053088483
  yaw: -271.85
  pitch: 6.7
lastAccountName: Wenish
timestamps:
  login: 1512183489085
  lastteleport: 1511976832415
  logout: 1512183486255
ipAddress: 127.0.0.1
afk: false
logoutlocation:
  world: world
  x: -102.92377738021993
  y: 88.94039693226709
  z: -71.17674124595722
  yaw: -299.63458
  pitch: 34.05016
godmode: true
