lastlocation:
  world: world
  x: -118.69999998807907
  y: 80.0
  z: 145.36751053088483
  yaw: -271.85
  pitch: 6.7
lastAccountName: Wenish
timestamps:
  login: 1512183583027
  lastteleport: 1511976832415
  logout: 1512184662923
ipAddress: 127.0.0.1
afk: false
logoutlocation:
  world: world
  x: -76.03327284574053
  y: 65.0
  z: -14.450621021693516
  yaw: -133.89014
  pitch: -5.9999733
godmode: true
