lastlocation:
  world: world
  x: -118.69999998807907
  y: 80.0
  z: 145.36751053088483
  yaw: -271.85
  pitch: 6.7
lastAccountName: Wenish
timestamps:
  login: 1512074779726
  lastteleport: 1511976832415
  logout: 1512076701093
ipAddress: 127.0.0.1
afk: false
logoutlocation:
  world: world
  x: -97.21732909310587
  y: 83.0
  z: 144.90457663978475
  yaw: -273.58838
  pitch: 26.25
godmode: true
