lastlocation:
  world: world
  x: -118.69999998807907
  y: 80.0
  z: 145.36751053088483
  yaw: -271.85
  pitch: 6.7
lastAccountName: Wenish
timestamps:
  login: 1512323713696
  lastteleport: 1511976832415
  logout: 1512327167269
ipAddress: 127.0.0.1
afk: false
logoutlocation:
  world: world
  x: -101.99750349450196
  y: 83.5
  z: 144.30525417301786
  yaw: -315.53308
  pitch: 9.599989
godmode: true
