lastlocation:
  world: world
  x: -118.69999998807907
  y: 80.0
  z: 145.36751053088483
  yaw: -271.85
  pitch: 6.7
lastAccountName: Wenish
timestamps:
  login: 1512159111966
  lastteleport: 1511976832415
  logout: 1512152085113
ipAddress: 127.0.0.1
afk: false
logoutlocation:
  world: world
  x: -148.4384177870473
  y: 197.98924061331178
  z: 259.2956083154052
  yaw: 104.32617
  pitch: 7.6499686
godmode: true
