lastlocation:
  world: world
  x: 366.01308383164616
  y: 85.0
  z: 8.097172527171814
  yaw: -54.76123
  pitch: 19.65001
lastAccountName: Wenish
timestamps:
  login: 1511826521693
ipAddress: 127.0.0.1
