lastlocation:
  world: world
  x: -118.69999998807907
  y: 80.0
  z: 145.36751053088483
  yaw: -271.85
  pitch: 6.7
lastAccountName: Wenish
timestamps:
  login: 1512070063540
  lastteleport: 1511976832415
  logout: 1512073226600
ipAddress: 127.0.0.1
afk: false
logoutlocation:
  world: world
  x: -95.90109288388582
  y: 101.28271854438606
  z: 191.54779426045354
  yaw: -115.3949
  pitch: 37.649746
godmode: true
