lastlocation:
  world: world
  x: -118.69999998807907
  y: 80.0
  z: 145.36751053088483
  yaw: -271.85
  pitch: 6.7
lastAccountName: Wenish
timestamps:
  login: 1512343897971
  lastteleport: 1511976832415
  logout: 1512350165505
ipAddress: 127.0.0.1
afk: false
logoutlocation:
  world: world
  x: -98.6769989845484
  y: 81.0
  z: 154.86788403256378
  yaw: -240.6919
  pitch: 13.049875
godmode: true
