lastlocation:
  world: world
  x: -118.69999998807907
  y: 80.0
  z: 145.36751053088483
  yaw: -271.85
  pitch: 6.7
lastAccountName: Wenish
timestamps:
  login: 1512331874392
  lastteleport: 1511976832415
  logout: 1512336832520
ipAddress: 127.0.0.1
afk: false
logoutlocation:
  world: world
  x: -74.51386216292354
  y: 84.5
  z: 143.59376590275497
  yaw: -358.83594
  pitch: 38.0999
godmode: true
