lastlocation:
  world: world
  x: -55.60682994108241
  y: 94.42051517982242
  z: 141.13300352903155
  yaw: -217.61328
  pitch: -1.2004207
lastAccountName: Wenish
timestamps:
  login: 1512686450342
  lastteleport: 1511976832415
  logout: 1512689076421
ipAddress: 127.0.0.1
afk: false
logoutlocation:
  world: world
  x: 81.51282936482305
  y: 105.5
  z: 301.15831687526816
  yaw: 204.19922
  pitch: 33.29962
godmode: false
