lastlocation:
  world: world
  x: -118.69999998807907
  y: 80.0
  z: 145.36751053088483
  yaw: -271.85
  pitch: 6.7
lastAccountName: Wenish
timestamps:
  login: 1512338567310
  lastteleport: 1511976832415
  logout: 1512342945762
ipAddress: 127.0.0.1
afk: false
logoutlocation:
  world: world
  x: -106.97777055220166
  y: 81.0
  z: 166.21471086527026
  yaw: -124.595215
  pitch: 5.60376
godmode: true
