lastlocation:
  world: world
  x: -118.69999998807907
  y: 80.0
  z: 145.36751053088483
  yaw: -271.85
  pitch: 6.7
lastAccountName: Wenish
timestamps:
  login: 1512306018455
  lastteleport: 1511976832415
  logout: 1512308578041
ipAddress: 127.0.0.1
afk: false
logoutlocation:
  world: world
  x: -65.08583877678129
  y: 83.98076037405504
  z: 149.315836762897
  yaw: 266.16125
  pitch: -8.999883
godmode: true
