lastlocation:
  world: world
  x: -55.60682994108241
  y: 94.42051517982242
  z: 141.13300352903155
  yaw: -217.61328
  pitch: -1.2004207
lastAccountName: Wenish
timestamps:
  login: 1512743317980
  lastteleport: 1511976832415
  logout: 1512743558063
ipAddress: 127.0.0.1
afk: false
logoutlocation:
  world: world
  x: 79.13616184583958
  y: 106.0
  z: 300.58511006419644
  yaw: 283.23682
  pitch: 31.649626
godmode: false
