lastlocation:
  world: world
  x: -118.69999998807907
  y: 80.0
  z: 145.36751053088483
  yaw: -271.85
  pitch: 6.7
lastAccountName: Wenish
timestamps:
  login: 1512133565621
  lastteleport: 1511976832415
  logout: 1512143326713
ipAddress: 127.0.0.1
afk: false
logoutlocation:
  world: world
  x: -91.38283516585908
  y: 84.12939166155832
  z: 151.46958213011897
  yaw: -74.32849
  pitch: 40.0501
godmode: true
