lastlocation:
  world: world
  x: 80.66023088353359
  y: 67.0
  z: 373.0174213258989
  yaw: -172.64923
  pitch: 12.899942
lastAccountName: Wenish
timestamps:
  login: 1511979688314
  lastteleport: 1511976832415
  logout: 1511980364593
ipAddress: 127.0.0.1
afk: false
logoutlocation:
  world: world
  x: 170.91906967118481
  y: 89.0
  z: 248.91635208836902
  yaw: -145.80273
  pitch: 38.099728
godmode: true
