lastlocation:
  world: world
  x: -118.69999998807907
  y: 80.0
  z: 145.36751053088483
  yaw: -271.85
  pitch: 6.7
lastAccountName: Wenish
timestamps:
  login: 1512327236968
  lastteleport: 1511976832415
  logout: 1512331238090
ipAddress: 127.0.0.1
afk: false
logoutlocation:
  world: world
  x: -86.0531402776211
  y: 79.0
  z: 138.22304218956464
  yaw: -9.812286
  pitch: 45.899586
godmode: true
