lastlocation:
  world: world
  x: -118.69999998807907
  y: 80.0
  z: 145.36751053088483
  yaw: -271.85
  pitch: 6.7
lastAccountName: Wenish
timestamps:
  login: 1512060892278
  lastteleport: 1511976832415
  logout: 1512061908039
ipAddress: 127.0.0.1
afk: false
logoutlocation:
  world: world
  x: -101.34092865705492
  y: 83.0
  z: 137.69999998807907
  yaw: -19.958984
  pitch: 4.8001957
godmode: true
