lastlocation:
  world: world
  x: -55.60682994108241
  y: 94.42051517982242
  z: 141.13300352903155
  yaw: -217.61328
  pitch: -1.2004207
lastAccountName: Wenish
timestamps:
  login: 1512588019921
  lastteleport: 1511976832415
  logout: 1512589509411
ipAddress: 127.0.0.1
afk: false
logoutlocation:
  world: world
  x: 80.40125284595358
  y: 106.0
  z: 312.12494449657913
  yaw: -127.21875
  pitch: 6.1502404
godmode: false
