spawns: 
  default: 
    world: world
    x: 163.5050256141858
    y: 88.0
    z: 240.53685323686867
    yaw: -103.950066
    pitch: -7.2000184
