spawns: 
  default: 
    world: world
    x: 5.254388222344008
    y: 103.0
    z: 406.1453085424754
    yaw: -152.98438
    pitch: 42.74933
